((("display" .
   [0 0 0 0 0 0 1])
  ("disk0" .
   [0 0 0 0 2])
  ("home" .
   [1 0 0 0])
  ("push" .
   [2 0 0 0])
  ("home_dir" .
   [1 0 0 0 0 0 0 1])
  ("PathBuf" .
   [2 0 0 0 0 0 0])
  ("Path" .
   [1 0 0 0])
  ("path" .
   [5 0 0 0])
  ("env" .
   [2 0 0])
  ("use" .
   [2 0 0])
  ("allow" .
   [1 0 0 0 0])
  ("other" .
   [1 0 0 0 0])
  ("main" .
   [1 0 0 0])
  ("p" .
   [1])
  ("stdout" .
   [1 0 0 0 0 0])
  ("out" .
   [1 0 0])
  ("ref" .
   [1 0 0])
  ("E" .
   [1])
  ("s" .
   [3])
  ("op" .
   [1 0])
  ("Item" .
   [1 0 0 0])
  ("Self" .
   [1 0 0 0])
  ("where" .
   [3 0 0 0 0])
  ("t" .
   [1])
  ("type" .
   [2 0 0 0])
  ("Iterator" .
   [1 0 0 0 0 0 0 0])
  ("iter" .
   [1 0 0 0])
  ("Some" .
   [3 0 0 0])
  ("for" .
   [2 0 0])
  ("None" .
   [1 0 0 0])
  ("e" .
   [1])
  ("Option" .
   [2 0 0 0 0 0])
  ("if" .
   [3 0])
  ("return" .
   [2 0 0 0 0 0])
  ("format" .
   [1 0 0 0 0 0])
  ("panic" .
   [1 0 0 0 0])
  ("len" .
   [5 0 0])
  ("self" .
   [6 0 0 0])
  ("str" .
   [5 0 0])
  ("next" .
   [2 0 0 0])
  ("b" .
   [1])
  ("Read" .
   [3 0 0 0])
  ("R" .
   [2])
  ("file" .
   [1 0 0 0])
  ("Lines" .
   [5 0 0 0 0])
  ("new" .
   [5 0 0])
  ("fn" .
   [3 0])
  ("f" .
   [1])
  ("impl" .
   [2 0 0 0])
  ("BufReader" .
   [2 0 0 0 0 0 0 0 0])
  ("reader" .
   [3 0 0 0 0 0])
  ("struct" .
   [1 0 0 0 0 0])
  ("clear" .
   [2 0 0 0 0])
  ("unwrap_or" .
   [1 0 0 0 0 0 0 0 0])
  ("while" .
   [4 0 0 0 0])
  ("String" .
   [4 0 0 0 0 0])
  ("buf" .
   [10 0 0])
  ("lineno" .
   [1 0 0 0 0 0])
  ("i" .
   [2])
  ("enumerate" .
   [1 0 0 0 0 0 0 0 0])
  ("let" .
   [7 0 0])
  ("to_string" .
   [2 0 0 0 0 0 0 0 0])
  ("mut" .
   [9 0 0])
  ("expect" .
   [3 0 0 0 0 0])
  ("err" .
   [1 0 0])
  ("println" .
   [5 0 0 0 0 1 1])
  ("Err" .
   [4 0 0])
  ("Ok" .
   [4 0])
  ("Result" .
   [1 0 0 0 1 0])
  ("io" .
   [9 0])
  ("std" .
   [8 0 0])
  ("line" .
   [12 0 0 0])
  ("match" .
   [4 0 0 0 0])
  ("l" .
   [2])
  ("lines" .
   [6 0 0 0 0])
  ("fmt" .
   [1 0 1])
  ("is_alive" .
   [1 0 0 0 0 0 0 0])
  ("us" .
   [1 0])
  ("job" .
   [1 0 0])
  ("_" .
   [1])
  ("request" .
   [1 0 0 0 0 0 0])
  ("msg_id" .
   [1 0 0 0 0 0])
  ("worker_process_cls" .
   [0 0 0 0 0 0 0 0 0 0 1 0 0 0 0 0 0 0])
  ("channel_id" .
   [1 0 0 0 0 0 0 0 0 0])
  ("dummy_request" .
   [1 0 0 0 0 0 0 0 1 0 0 0 0])
  ("Job" .
   [1 0 0])
  ("channel" .
   [1 0 0 0 0 0 0])
  ("dummy_job" .
   [1 0 0 0 0 0 0 0 0])
  ("Object" .
   [1 0 0 0 0 0])
  ("job_id" .
   [1 0 0 0 0 0])
  ("call3" .
   [0 0 0 0 1])
  ("assert_called_with" .
   [1 0 0 0 0 0 0 0 0 0 0 0 0 0 0 0 0 0])
  ("assert_called_once" .
   [0 0 0 0 0 0 0 0 0 0 0 1 0 0 0 0 0 0])
  ("a" .
   [2])
  ("raises" .
   [1 0 0 0 0 0])
  ("py" .
   [1 0])
  ("call_count" .
   [1 0 0 0 0 0 0 0 1 0])
  ("run" .
   [1 0 0])
  ("sleep" .
   [3 0 0 0 0])
  ("patch" .
   [1 0 0 0 0])
  ("ValueError" .
   [0 0 0 0 0 0 1 0 0 1])
  ("RabbitMQConnectionError" .
   [0 0 0 0 0 0 0 0 0 1 0 0 0 0 0 0 0 0 0 0 0 0 0])
  ("IOError" .
   [0 0 0 0 1 0 0])
  ("side_effect" .
   [0 0 0 0 0 0 0 1 0 0 0])
  ("Mock" .
   [3 0 0 0])
  ("_run_unsafe" .
   [0 0 0 0 0 0 0 1 0 0 1])
  ("tm" .
   [4 0])))
